camera_util:
  img_cols: 640.0
  img_rows: 480.0
  fx: 565.6008952774197
  fy: 565.6008952774197
  cx: 320.5
  cy: 240.5
  min_dist: 0.2
  max_dist: 5.0